r        Twist     Chord  Pr-Name 
 2.8667  13.308    3.542  CYL1     
 5.6000  13.308    3.854  CYL1    
 8.3333  13.308    4.167  CYL2    
11.7500  13.308    4.557  DU40   
15.8500  11.480    4.652  DU35    
19.9500  10.162    4.458  DU35    
24.0500   9.011    4.249  DU30       
28.1500   7.795    4.007  DU25    
32.2500   6.544    3.748  DU25    
36.3500   5.361    3.502  DU21       
40.4500   4.188    3.256  DU21       
44.5500   3.125    3.010  NA17       
48.6500   2.319    2.764  NA17    
52.7500   1.526    2.518  NA17    
56.1667   0.863    2.313  NA17    
58.9000   0.370    2.086  NA17 
60.0000   0.200    2.000  NA17   
61.6333   0.106    1.419  NA17
62.317    0.53     0.714  NA17
63.0      0.00     0.010  NA17

