r	Twist	chord	Profile
0.0000	15.5946	5.2000	CYL1
2.4000	15.5911	5.2083	CYL2
4.8000	15.4288	5.2357	FF50
7.2000	14.9891	5.2889	FF50
9.6000	14.3263	5.3606	FF50
12.0000	13.4947	5.4433	FF50
15.0000	12.3001	5.5510	FF50
18.0000	11.0323	5.6501	FF50
20.2841	10.0834	5.7110	FF36
22.5682	9.2001	5.7521	FF36
24.8523	8.4292	5.7672	FF36
27.1364	7.7767	5.7551	FF36
29.4204	7.1829	5.702	FF36
31.9306	6.5271	5.6009	FF33
34.4409	5.8949	5.4630	FF33
36.9511	5.2943	5.3095	FF33
39.4613	4.7344	5.1487	FF33
42.1093	4.2005	4.9910	FF30
44.7574	3.7258	4.8498	FF30
47.4054	3.3070	4.7276	FF30
50.0535	2.9200	4.6047	FF30
52.7015	2.5610	4.4821	FF30
55.0653	2.2620	4.3738	FF27
57.4291	1.9803	4.2673	FF27
59.7929	1.7136	4.1630	FF27
62.1568	1.4580	4.0617	FF27
64.5206	1.2156	3.9635	FF27
66.9334	0.9879	3.8669	FF24
69.3463	0.7751	3.7730	FF24
71.7592	0.5754	3.6813	FF24
74.1720	0.3802	3.5907	FF24
76.5849	0.1860	3.5008	FF24
78.8741	-0.0019	3.4151	FF21
81.1633	-0.2034	3.3289	FF21
83.4525	-0.4252	3.2415	FF21
85.7417	-0.6835	3.1551	FF21
88.0309	-0.9819	3.0695	FF21
90.3201	-1.2833	2.9840	FF21
92.6093	-1.5751	2.8980	FF21
96.0000	-1.9366	2.7682	FF21
98.2500	-2.1084	2.6796	FF21
100.5000 -2.1664 2.5882	FF21
102.7500 -2.1766 2.4939	FF21
105.0000 -2.1611 2.3974	FF21
107.2500 -2.1185 2.2986	FF21
109.5000 -2.0489 2.1977	FF21
111.7500 -1.9515 2.0947	FF21
114.0000 -1.8151 1.9898	FF21
117.0000 -1.5679 1.8481	FF21
117.4359 -1.5256 1.8258	FF21
117.6923 -1.4999 1.8121	FF21
117.9487 -1.4736 1.7970	FF21
118.2051 -1.4468 1.7793	FF21
118.4615 -1.4194 1.7566	FF21
118.7179 -1.3914 1.7239	FF21
118.9744 -1.3628 1.6717	FF21
119.2308 -1.3336 1.5813	FF21
119.4872 -1.3038 1.4157	FF21
119.7436 -1.2734 1.1027	FF21
120.0000 -1.2424 0.5000	FF21
